

 Bildrauschen 200 Pixel:
 GAUSSIANNB:               precision    recall  f1-score   support

           0       0.00      0.00      0.00       175
           1       0.00      0.00      0.00       234
           2       0.12      0.56      0.20       219
           3       0.08      0.11      0.10       207
           4       0.10      0.18      0.13       217
           5       0.12      0.13      0.13       179
           6       0.00      0.00      0.00       178
           7       0.11      0.04      0.06       205
           8       0.20      0.01      0.01       192
           9       0.14      0.01      0.01       194

    accuracy                           0.11      2000
   macro avg       0.09      0.10      0.06      2000
weighted avg       0.09      0.11      0.06      2000


 Bildrauschen 200 Pixel:
 BERNOULLINB:               precision    recall  f1-score   support

           0       0.93      0.58      0.71       175
           1       0.00      0.00      0.00       234
           2       0.16      0.99      0.28       219
           3       0.68      0.30      0.42       207
           4       0.69      0.05      0.09       217
           5       0.28      0.66      0.39       179
           6       0.00      0.00      0.00       178
           7       1.00      0.01      0.02       205
           8       1.00      0.08      0.14       192
           9       0.00      0.00      0.00       194

    accuracy                           0.26      2000
   macro avg       0.47      0.27      0.21      2000
weighted avg       0.47      0.26      0.20      2000
