

 Bildrauschen 200 Pixel ZOOM IN:
 GAUSSIANNB:               precision    recall  f1-score   support

           0       0.00      0.00      0.00       175
           1       0.12      0.92      0.21       234
           2       0.43      0.01      0.03       219
           3       0.00      0.00      0.00       207
           4       0.19      0.16      0.18       217
           5       0.00      0.00      0.00       179
           6       0.00      0.00      0.00       178
           7       0.00      0.00      0.00       205
           8       0.00      0.00      0.00       192
           9       0.00      0.00      0.00       194

    accuracy                           0.13      2000
   macro avg       0.07      0.11      0.04      2000
weighted avg       0.08      0.13      0.05      2000


 Bildrauschen 200 Pixel ZOOM IN:
 BERNOULLINB:               precision    recall  f1-score   support

           0       0.00      0.00      0.00       175
           1       0.00      0.00      0.00       234
           2       0.00      0.00      0.00       219
           3       0.00      0.00      0.00       207
           4       0.00      0.00      0.00       217
           5       0.00      0.00      0.00       179
           6       0.00      0.00      0.00       178
           7       0.00      0.00      0.00       205
           8       0.10      1.00      0.18       192
           9       0.00      0.00      0.00       194

    accuracy                           0.10      2000
   macro avg       0.01      0.10      0.02      2000
weighted avg       0.01      0.10      0.02      2000
