

 Bildrauschen 100 Pixel ZOOM IN:
 GAUSSIANNB:               precision    recall  f1-score   support

           0       0.00      0.00      0.00       175
           1       0.11      0.33      0.16       234
           2       0.24      0.15      0.18       219
           3       0.40      0.01      0.02       207
           4       0.15      0.76      0.25       217
           5       0.00      0.00      0.00       179
           6       0.00      0.00      0.00       178
           7       0.00      0.00      0.00       205
           8       0.00      0.00      0.00       192
           9       0.00      0.00      0.00       194

    accuracy                           0.14      2000
   macro avg       0.09      0.12      0.06      2000
weighted avg       0.10      0.14      0.07      2000


 Bildrauschen 100 Pixel ZOOM IN:
 BERNOULLINB:               precision    recall  f1-score   support

           0       1.00      0.01      0.01       175
           1       0.12      0.59      0.20       234
           2       0.00      0.00      0.00       219
           3       0.00      0.00      0.00       207
           4       0.25      0.02      0.04       217
           5       0.00      0.00      0.00       179
           6       0.00      0.00      0.00       178
           7       0.00      0.00      0.00       205
           8       0.06      0.27      0.10       192
           9       0.17      0.01      0.02       194

    accuracy                           0.10      2000
   macro avg       0.16      0.09      0.04      2000
weighted avg       0.15      0.10      0.04      2000
