

 Bildrauschen 100 Pixel:
 GAUSSIANNB:               precision    recall  f1-score   support

           0       0.08      0.01      0.01       175
           1       0.00      0.00      0.00       234
           2       0.13      0.41      0.20       219
           3       0.08      0.14      0.10       207
           4       0.13      0.26      0.17       217
           5       0.11      0.17      0.14       179
           6       0.14      0.06      0.08       178
           7       0.20      0.12      0.15       205
           8       0.08      0.02      0.03       192
           9       0.11      0.02      0.03       194

    accuracy                           0.12      2000
   macro avg       0.11      0.12      0.09      2000
weighted avg       0.11      0.12      0.09      2000


 Bildrauschen 100 Pixel:
 BERNOULLINB:               precision    recall  f1-score   support

           0       0.88      0.87      0.88       175
           1       1.00      0.14      0.24       234
           2       0.64      0.88      0.74       219
           3       0.64      0.83      0.72       207
           4       0.69      0.84      0.76       217
           5       0.34      0.69      0.45       179
           6       0.90      0.64      0.75       178
           7       0.91      0.68      0.78       205
           8       0.65      0.60      0.62       192
           9       0.76      0.55      0.63       194

    accuracy                           0.66      2000
   macro avg       0.74      0.67      0.66      2000
weighted avg       0.74      0.66      0.65      2000
