

 Blur 6x6 - SKELETON:
 GAUSSIANNB:               precision    recall  f1-score   support

           0       0.00      0.00      0.00       175
           1       0.00      0.00      0.00       234
           2       0.08      0.00      0.01       219
           3       0.18      0.01      0.02       207
           4       0.00      0.00      0.00       217
           5       0.11      0.16      0.13       179
           6       0.06      0.01      0.01       178
           7       0.22      0.05      0.08       205
           8       0.09      0.72      0.16       192
           9       0.24      0.03      0.05       194

    accuracy                           0.09      2000
   macro avg       0.10      0.10      0.05      2000
weighted avg       0.10      0.09      0.04      2000


 Blur 6x6 - SKELETON:
 BERNOULLINB:               precision    recall  f1-score   support

           0       0.07      0.01      0.02       175
           1       0.00      0.00      0.00       234
           2       0.03      0.03      0.03       219
           3       0.00      0.00      0.00       207
           4       0.11      0.32      0.17       217
           5       0.04      0.03      0.03       179
           6       0.17      0.07      0.10       178
           7       0.16      0.50      0.25       205
           8       0.00      0.00      0.00       192
           9       0.12      0.10      0.11       194

    accuracy                           0.11      2000
   macro avg       0.07      0.11      0.07      2000
weighted avg       0.07      0.11      0.07      2000
