

 Blur 4x4 -  ZOOM IN:
 GAUSSIANNB:               precision    recall  f1-score   support

           0       0.00      0.00      0.00       175
           1       0.17      0.11      0.13       234
           2       1.00      0.18      0.30       219
           3       1.00      0.01      0.02       207
           4       0.20      0.96      0.33       217
           5       0.20      0.66      0.30       179
           6       1.00      0.01      0.02       178
           7       0.49      0.37      0.42       205
           8       0.00      0.00      0.00       192
           9       0.00      0.00      0.00       194

    accuracy                           0.24      2000
   macro avg       0.41      0.23      0.15      2000
weighted avg       0.41      0.24      0.16      2000


 Blur 4x4 -  ZOOM IN:
 BERNOULLINB:               precision    recall  f1-score   support

           0       0.91      0.22      0.36       175
           1       0.27      0.21      0.24       234
           2       0.90      0.04      0.08       219
           3       1.00      0.00      0.01       207
           4       0.84      0.30      0.45       217
           5       0.00      0.00      0.00       179
           6       0.39      0.69      0.50       178
           7       0.00      0.00      0.00       205
           8       0.14      0.68      0.23       192
           9       0.31      0.66      0.43       194

    accuracy                           0.27      2000
   macro avg       0.48      0.28      0.23      2000
weighted avg       0.48      0.27      0.22      2000
