

 Blur 6x6 -  ZOOM IN:
 GAUSSIANNB:               precision    recall  f1-score   support

           0       0.00      0.00      0.00       175
           1       0.00      0.00      0.00       234
           2       1.00      0.02      0.04       219
           3       0.00      0.00      0.00       207
           4       0.13      0.97      0.23       217
           5       0.00      0.00      0.00       179
           6       0.00      0.00      0.00       178
           7       0.08      0.14      0.10       205
           8       0.00      0.00      0.00       192
           9       0.00      0.00      0.00       194

    accuracy                           0.12      2000
   macro avg       0.12      0.11      0.04      2000
weighted avg       0.13      0.12      0.04      2000


 Blur 6x6 -  ZOOM IN:
 BERNOULLINB:               precision    recall  f1-score   support

           0       0.00      0.00      0.00       175
           1       0.18      0.19      0.19       234
           2       0.00      0.00      0.00       219
           3       0.00      0.00      0.00       207
           4       0.00      0.00      0.00       217
           5       0.00      0.00      0.00       179
           6       0.00      0.00      0.00       178
           7       0.00      0.00      0.00       205
           8       0.10      0.85      0.17       192
           9       0.05      0.01      0.02       194

    accuracy                           0.11      2000
   macro avg       0.03      0.11      0.04      2000
weighted avg       0.04      0.11      0.04      2000
