

 Blur 4x4:
 GAUSSIANNB:               precision    recall  f1-score   support

           0       0.28      0.05      0.09       175
           1       1.00      0.26      0.42       234
           2       0.53      0.47      0.50       219
           3       0.34      0.43      0.38       207
           4       0.50      0.24      0.32       217
           5       0.24      0.50      0.33       179
           6       0.86      0.57      0.68       178
           7       0.49      0.83      0.62       205
           8       0.17      0.26      0.20       192
           9       0.34      0.37      0.35       194

    accuracy                           0.40      2000
   macro avg       0.47      0.40      0.39      2000
weighted avg       0.49      0.40      0.39      2000


 Blur 4x4:
 BERNOULLINB:               precision    recall  f1-score   support

           0       0.60      0.90      0.72       175
           1       1.00      0.31      0.47       234
           2       0.63      0.66      0.64       219
           3       0.56      0.76      0.65       207
           4       0.81      0.53      0.64       217
           5       0.85      0.32      0.47       179
           6       0.93      0.38      0.54       178
           7       0.92      0.55      0.69       205
           8       0.30      0.78      0.44       192
           9       0.56      0.75      0.64       194

    accuracy                           0.59      2000
   macro avg       0.72      0.59      0.59      2000
weighted avg       0.72      0.59      0.59      2000
