

 Blur 5x5:
 GAUSSIANNB:               precision    recall  f1-score   support

           0       0.00      0.00      0.00       175
           1       0.00      0.00      0.00       234
           2       0.32      0.18      0.23       219
           3       0.09      0.03      0.05       207
           4       0.08      0.06      0.06       217
           5       0.18      0.16      0.17       179
           6       0.50      0.01      0.01       178
           7       0.29      0.64      0.40       205
           8       0.07      0.01      0.01       192
           9       0.15      0.77      0.25       194

    accuracy                           0.18      2000
   macro avg       0.17      0.18      0.12      2000
weighted avg       0.16      0.18      0.12      2000


 Blur 5x5:
 BERNOULLINB:               precision    recall  f1-score   support

           0       0.06      0.09      0.07       175
           1       0.00      0.00      0.00       234
           2       0.16      0.97      0.27       219
           3       0.00      0.00      0.00       207
           4       0.00      0.00      0.00       217
           5       0.23      0.16      0.19       179
           6       0.00      0.00      0.00       178
           7       0.00      0.00      0.00       205
           8       0.04      0.04      0.04       192
           9       0.00      0.00      0.00       194

    accuracy                           0.13      2000
   macro avg       0.05      0.13      0.06      2000
weighted avg       0.05      0.13      0.06      2000
