

 Blur 6x6:
 GAUSSIANNB:               precision    recall  f1-score   support

           0       0.00      0.00      0.00       175
           1       0.00      0.00      0.00       234
           2       0.21      0.06      0.09       219
           3       0.00      0.00      0.00       207
           4       0.11      0.09      0.10       217
           5       0.16      0.09      0.12       179
           6       0.00      0.00      0.00       178
           7       0.19      0.33      0.24       205
           8       0.00      0.00      0.00       192
           9       0.13      0.87      0.22       194

    accuracy                           0.14      2000
   macro avg       0.08      0.14      0.08      2000
weighted avg       0.08      0.14      0.08      2000


 Blur 6x6:
 BERNOULLINB:               precision    recall  f1-score   support

           0       0.00      0.00      0.00       175
           1       0.00      0.00      0.00       234
           2       0.11      1.00      0.20       219
           3       0.00      0.00      0.00       207
           4       0.00      0.00      0.00       217
           5       0.02      0.01      0.01       179
           6       0.00      0.00      0.00       178
           7       0.00      0.00      0.00       205
           8       0.00      0.00      0.00       192
           9       0.00      0.00      0.00       194

    accuracy                           0.11      2000
   macro avg       0.01      0.10      0.02      2000
weighted avg       0.01      0.11      0.02      2000
