

 Blur 5x5 -  ZOOM IN:
 GAUSSIANNB:               precision    recall  f1-score   support

           0       0.00      0.00      0.00       175
           1       0.00      0.00      0.00       234
           2       1.00      0.02      0.04       219
           3       1.00      0.00      0.01       207
           4       0.15      0.94      0.26       217
           5       0.06      0.17      0.09       179
           6       0.00      0.00      0.00       178
           7       0.07      0.04      0.05       205
           8       0.00      0.00      0.00       192
           9       0.00      0.00      0.00       194

    accuracy                           0.12      2000
   macro avg       0.23      0.12      0.05      2000
weighted avg       0.24      0.12      0.05      2000


 Blur 5x5 -  ZOOM IN:
 BERNOULLINB:               precision    recall  f1-score   support

           0       0.00      0.00      0.00       175
           1       0.20      0.14      0.16       234
           2       0.00      0.00      0.00       219
           3       0.00      0.00      0.00       207
           4       0.67      0.01      0.02       217
           5       0.00      0.00      0.00       179
           6       0.19      0.03      0.06       178
           7       0.00      0.00      0.00       205
           8       0.10      0.82      0.18       192
           9       0.16      0.18      0.17       194

    accuracy                           0.12      2000
   macro avg       0.13      0.12      0.06      2000
weighted avg       0.14      0.12      0.06      2000
