

 Blur 5x5 - SKELETON:
 GAUSSIANNB:               precision    recall  f1-score   support

           0       0.00      0.00      0.00       175
           1       0.07      0.06      0.06       234
           2       0.00      0.00      0.00       219
           3       0.20      0.02      0.04       207
           4       0.00      0.00      0.00       217
           5       0.08      0.73      0.15       179
           6       0.00      0.00      0.00       178
           7       0.00      0.00      0.00       205
           8       0.02      0.02      0.02       192
           9       0.00      0.00      0.00       194

    accuracy                           0.07      2000
   macro avg       0.04      0.08      0.03      2000
weighted avg       0.04      0.07      0.03      2000


 Blur 5x5 - SKELETON:
 BERNOULLINB:               precision    recall  f1-score   support

           0       0.00      0.00      0.00       175
           1       0.17      0.17      0.17       234
           2       0.17      0.11      0.14       219
           3       0.00      0.00      0.00       207
           4       0.13      0.40      0.20       217
           5       0.10      0.04      0.06       179
           6       0.01      0.01      0.01       178
           7       0.17      0.49      0.25       205
           8       0.00      0.00      0.00       192
           9       0.04      0.01      0.02       194

    accuracy                           0.13      2000
   macro avg       0.08      0.12      0.08      2000
weighted avg       0.08      0.13      0.09      2000
