

 Blur 4x4 - SKELETON:
 GAUSSIANNB:               precision    recall  f1-score   support

           0       0.10      0.99      0.19       175
           1       0.00      0.00      0.00       234
           2       0.05      0.01      0.02       219
           3       0.03      0.00      0.01       207
           4       0.09      0.02      0.04       217
           5       0.04      0.01      0.02       179
           6       0.00      0.00      0.00       178
           7       0.11      0.00      0.01       205
           8       0.10      0.02      0.03       192
           9       0.04      0.01      0.01       194

    accuracy                           0.09      2000
   macro avg       0.06      0.11      0.03      2000
weighted avg       0.06      0.09      0.03      2000


 Blur 4x4 - SKELETON:
 BERNOULLINB:               precision    recall  f1-score   support

           0       0.30      0.17      0.22       175
           1       0.08      0.10      0.09       234
           2       0.11      0.09      0.10       219
           3       0.09      0.02      0.03       207
           4       0.09      0.15      0.12       217
           5       0.09      0.04      0.06       179
           6       0.02      0.03      0.02       178
           7       0.16      0.43      0.23       205
           8       0.04      0.01      0.02       192
           9       0.03      0.02      0.02       194

    accuracy                           0.11      2000
   macro avg       0.10      0.11      0.09      2000
weighted avg       0.10      0.11      0.09      2000
