

 default ZOOM IN:
 MULTINOMIALNB:               precision    recall  f1-score   support

           0       0.14      0.31      0.20       175
           1       0.47      0.59      0.52       234
           2       0.13      0.06      0.09       219
           3       0.00      0.00      0.00       207
           4       0.15      0.02      0.04       217
           5       0.12      0.63      0.20       179
           6       0.06      0.01      0.01       178
           7       0.14      0.04      0.06       205
           8       0.15      0.11      0.13       192
           9       0.12      0.01      0.02       194

    accuracy                           0.18      2000
   macro avg       0.15      0.18      0.13      2000
weighted avg       0.15      0.18      0.13      2000


 default ZOOM IN:
 GAUSSIANNB:               precision    recall  f1-score   support

           0       0.13      0.54      0.21       175
           1       0.70      0.44      0.54       234
           2       0.09      0.00      0.01       219
           3       0.14      0.26      0.18       207
           4       0.40      0.01      0.02       217
           5       0.12      0.37      0.18       179
           6       0.00      0.00      0.00       178
           7       0.23      0.15      0.18       205
           8       0.00      0.00      0.00       192
           9       0.06      0.01      0.01       194

    accuracy                           0.18      2000
   macro avg       0.19      0.18      0.13      2000
weighted avg       0.20      0.18      0.14      2000


 default ZOOM IN:
 BERNOULLINB:               precision    recall  f1-score   support

           0       0.17      0.53      0.26       175
           1       0.59      0.76      0.67       234
           2       0.04      0.01      0.01       219
           3       0.06      0.00      0.01       207
           4       0.17      0.10      0.13       217
           5       0.00      0.00      0.00       179
           6       0.03      0.01      0.01       178
           7       0.12      0.32      0.18       205
           8       0.11      0.17      0.13       192
           9       0.12      0.06      0.08       194

    accuracy                           0.20      2000
   macro avg       0.14      0.20      0.15      2000
weighted avg       0.15      0.20      0.16      2000
