

 default SORT:
 MULTINOMIALNB:               precision    recall  f1-score   support

           0       0.24      0.23      0.23       175
           1       0.35      0.96      0.51       234
           2       0.16      0.13      0.14       219
           3       0.00      0.00      0.00       207
           4       0.12      0.07      0.09       217
           5       0.00      0.00      0.00       179
           6       0.10      0.10      0.10       178
           7       0.10      0.28      0.15       205
           8       0.00      0.00      0.00       192
           9       0.12      0.07      0.09       194

    accuracy                           0.20      2000
   macro avg       0.12      0.18      0.13      2000
weighted avg       0.12      0.20      0.14      2000


 default SORT:
 GAUSSIANNB:               precision    recall  f1-score   support

           0       0.27      0.05      0.09       175
           1       0.19      0.99      0.32       234
           2       0.00      0.00      0.00       219
           3       0.16      0.05      0.08       207
           4       0.08      0.25      0.12       217
           5       0.00      0.00      0.00       179
           6       0.00      0.00      0.00       178
           7       0.00      0.00      0.00       205
           8       0.00      0.00      0.00       192
           9       0.00      0.00      0.00       194

    accuracy                           0.15      2000
   macro avg       0.07      0.13      0.06      2000
weighted avg       0.07      0.15      0.07      2000


 default SORT:
 BERNOULLINB:               precision    recall  f1-score   support

           0       0.22      0.34      0.26       175
           1       0.56      0.95      0.70       234
           2       0.00      0.00      0.00       219
           3       0.00      0.00      0.00       207
           4       0.10      0.15      0.12       217
           5       0.00      0.00      0.00       179
           6       0.09      0.10      0.09       178
           7       0.16      0.42      0.23       205
           8       0.16      0.24      0.19       192
           9       0.00      0.00      0.00       194

    accuracy                           0.23      2000
   macro avg       0.13      0.22      0.16      2000
weighted avg       0.14      0.23      0.17      2000
