

 default NORMALIZE:
 MULTINOMIALNB:               precision    recall  f1-score   support

           0       0.89      0.89      0.89       175
           1       0.89      0.94      0.91       234
           2       0.90      0.80      0.85       219
           3       0.69      0.83      0.75       207
           4       0.81      0.68      0.74       217
           5       0.85      0.55      0.67       179
           6       0.83      0.80      0.81       178
           7       0.86      0.71      0.78       205
           8       0.58      0.67      0.62       192
           9       0.59      0.85      0.70       194

    accuracy                           0.77      2000
   macro avg       0.79      0.77      0.77      2000
weighted avg       0.79      0.77      0.77      2000


 default NORMALIZE:
 GAUSSIANNB:               precision    recall  f1-score   support

           0       0.59      0.91      0.72       175
           1       0.64      0.98      0.78       234
           2       0.88      0.26      0.40       219
           3       0.72      0.28      0.40       207
           4       0.69      0.12      0.21       217
           5       0.76      0.07      0.13       179
           6       0.61      0.81      0.70       178
           7       0.81      0.33      0.47       205
           8       0.26      0.51      0.34       192
           9       0.37      0.92      0.53       194

    accuracy                           0.52      2000
   macro avg       0.63      0.52      0.47      2000
weighted avg       0.64      0.52      0.47      2000


 default NORMALIZE:
 BERNOULLINB:               precision    recall  f1-score   support

           0       0.88      0.89      0.88       175
           1       0.87      0.97      0.91       234
           2       0.92      0.79      0.85       219
           3       0.67      0.81      0.74       207
           4       0.82      0.76      0.79       217
           5       0.71      0.60      0.65       179
           6       0.83      0.79      0.81       178
           7       0.88      0.76      0.81       205
           8       0.73      0.63      0.68       192
           9       0.63      0.84      0.72       194

    accuracy                           0.79      2000
   macro avg       0.79      0.78      0.78      2000
weighted avg       0.80      0.79      0.79      2000


 default NORMALIZE:
 MULTINOMIALNB:               precision    recall  f1-score   support

           0       0.89      0.89      0.89       175
           1       0.89      0.94      0.91       234
           2       0.90      0.80      0.85       219
           3       0.69      0.83      0.75       207
           4       0.81      0.68      0.74       217
           5       0.85      0.55      0.67       179
           6       0.83      0.80      0.81       178
           7       0.86      0.71      0.78       205
           8       0.58      0.67      0.62       192
           9       0.59      0.85      0.70       194

    accuracy                           0.77      2000
   macro avg       0.79      0.77      0.77      2000
weighted avg       0.79      0.77      0.77      2000


 default NORMALIZE:
 GAUSSIANNB:               precision    recall  f1-score   support

           0       0.59      0.91      0.72       175
           1       0.64      0.98      0.78       234
           2       0.88      0.26      0.40       219
           3       0.72      0.28      0.40       207
           4       0.69      0.12      0.21       217
           5       0.76      0.07      0.13       179
           6       0.61      0.81      0.70       178
           7       0.81      0.33      0.47       205
           8       0.26      0.51      0.34       192
           9       0.37      0.92      0.53       194

    accuracy                           0.52      2000
   macro avg       0.63      0.52      0.47      2000
weighted avg       0.64      0.52      0.47      2000


 default NORMALIZE:
 BERNOULLINB:               precision    recall  f1-score   support

           0       0.88      0.89      0.88       175
           1       0.87      0.97      0.91       234
           2       0.92      0.79      0.85       219
           3       0.67      0.81      0.74       207
           4       0.82      0.76      0.79       217
           5       0.71      0.60      0.65       179
           6       0.83      0.79      0.81       178
           7       0.88      0.76      0.81       205
           8       0.73      0.63      0.68       192
           9       0.63      0.84      0.72       194

    accuracy                           0.79      2000
   macro avg       0.79      0.78      0.78      2000
weighted avg       0.80      0.79      0.79      2000
