

 Rotation 180 - EUKLID:
 GAUSSIANNB:               precision    recall  f1-score   support

           0       0.48      0.09      0.15       175
           1       0.28      0.99      0.44       234
           2       0.19      0.05      0.08       219
           3       0.11      0.03      0.05       207
           4       0.11      0.12      0.11       217
           5       0.09      0.07      0.08       179
           6       0.00      0.00      0.00       178
           7       0.11      0.34      0.16       205
           8       0.00      0.00      0.00       192
           9       0.00      0.00      0.00       194

    accuracy                           0.19      2000
   macro avg       0.14      0.17      0.11      2000
weighted avg       0.14      0.19      0.11      2000


 Rotation 180 - EUKLID:
 BERNOULLINB:               precision    recall  f1-score   support

           0       0.22      0.34      0.26       175
           1       0.56      0.95      0.70       234
           2       0.00      0.00      0.00       219
           3       0.00      0.00      0.00       207
           4       0.10      0.15      0.12       217
           5       0.00      0.00      0.00       179
           6       0.09      0.10      0.09       178
           7       0.16      0.42      0.23       205
           8       0.16      0.24      0.19       192
           9       0.00      0.00      0.00       194

    accuracy                           0.23      2000
   macro avg       0.13      0.22      0.16      2000
weighted avg       0.14      0.23      0.17      2000
