

 Rotation 90 - COL FILTER:
 GAUSSIANNB:               precision    recall  f1-score   support

           0       0.18      0.89      0.30       175
           1       0.00      0.00      0.00       234
           2       0.77      0.09      0.16       219
           3       0.02      0.02      0.02       207
           4       0.00      0.00      0.00       217
           5       0.06      0.16      0.08       179
           6       0.00      0.00      0.00       178
           7       0.00      0.00      0.00       205
           8       0.02      0.01      0.01       192
           9       0.00      0.01      0.01       194

    accuracy                           0.10      2000
   macro avg       0.10      0.12      0.06      2000
weighted avg       0.11      0.10      0.05      2000


 Rotation 90 - COL FILTER:
 BERNOULLINB:               precision    recall  f1-score   support

           0       0.13      0.86      0.22       175
           1       0.00      0.00      0.00       234
           2       0.00      0.00      0.00       219
           3       0.03      0.04      0.04       207
           4       0.00      0.00      0.00       217
           5       0.07      0.20      0.11       179
           6       0.00      0.00      0.00       178
           7       0.00      0.00      0.00       205
           8       0.00      0.00      0.00       192
           9       0.00      0.00      0.00       194

    accuracy                           0.10      2000
   macro avg       0.02      0.11      0.04      2000
weighted avg       0.02      0.10      0.03      2000


 Rotation 90 - COL FILTER:
 GAUSSIANNB:               precision    recall  f1-score   support

           0       0.18      0.89      0.30       175
           1       0.00      0.00      0.00       234
           2       0.77      0.09      0.16       219
           3       0.02      0.02      0.02       207
           4       0.00      0.00      0.00       217
           5       0.06      0.16      0.08       179
           6       0.00      0.00      0.00       178
           7       0.00      0.00      0.00       205
           8       0.02      0.01      0.01       192
           9       0.00      0.01      0.01       194

    accuracy                           0.10      2000
   macro avg       0.10      0.12      0.06      2000
weighted avg       0.11      0.10      0.05      2000


 Rotation 90 - COL FILTER:
 BERNOULLINB:               precision    recall  f1-score   support

           0       0.13      0.86      0.22       175
           1       0.00      0.00      0.00       234
           2       0.00      0.00      0.00       219
           3       0.03      0.04      0.04       207
           4       0.00      0.00      0.00       217
           5       0.07      0.20      0.11       179
           6       0.00      0.00      0.00       178
           7       0.00      0.00      0.00       205
           8       0.00      0.00      0.00       192
           9       0.00      0.00      0.00       194

    accuracy                           0.10      2000
   macro avg       0.02      0.11      0.04      2000
weighted avg       0.02      0.10      0.03      2000
