

 Rotation 90 - KREISFILTER:
 GAUSSIANNB:               precision    recall  f1-score   support

           0       0.31      0.14      0.19       175
           1       0.39      0.97      0.56       234
           2       0.14      0.11      0.12       219
           3       0.00      0.00      0.00       207
           4       0.04      0.02      0.03       217
           5       0.00      0.00      0.00       179
           6       0.00      0.00      0.00       178
           7       0.08      0.44      0.14       205
           8       0.00      0.00      0.00       192
           9       0.00      0.00      0.00       194

    accuracy                           0.18      2000
   macro avg       0.10      0.17      0.10      2000
weighted avg       0.10      0.18      0.11      2000


 Rotation 90 - KREISFILTER:
 BERNOULLINB:               precision    recall  f1-score   support

           0       0.29      0.54      0.38       175
           1       0.65      0.97      0.78       234
           2       0.21      0.20      0.21       219
           3       0.00      0.00      0.00       207
           4       0.15      0.23      0.18       217
           5       0.00      0.00      0.00       179
           6       0.10      0.01      0.01       178
           7       0.19      0.39      0.25       205
           8       0.17      0.22      0.19       192
           9       0.17      0.08      0.11       194

    accuracy                           0.28      2000
   macro avg       0.19      0.26      0.21      2000
weighted avg       0.20      0.28      0.22      2000
