

 Rotation 180 - COL ROW SORTED :
 GAUSSIANNB:               precision    recall  f1-score   support

           0       0.37      0.47      0.41       175
           1       0.56      0.97      0.71       234
           2       0.31      0.19      0.23       219
           3       0.09      0.01      0.02       207
           4       0.19      0.13      0.15       217
           5       0.13      0.03      0.05       179
           6       0.18      0.10      0.13       178
           7       0.25      0.45      0.33       205
           8       0.34      0.32      0.33       192
           9       0.23      0.42      0.29       194

    accuracy                           0.32      2000
   macro avg       0.26      0.31      0.27      2000
weighted avg       0.27      0.32      0.27      2000


 Rotation 180 - COL ROW SORTED :
 BERNOULLINB:               precision    recall  f1-score   support

           0       0.14      0.54      0.23       175
           1       0.66      0.91      0.76       234
           2       0.00      0.00      0.00       219
           3       0.00      0.00      0.00       207
           4       0.00      0.00      0.00       217
           5       0.00      0.00      0.00       179
           6       0.00      0.00      0.00       178
           7       0.08      0.13      0.10       205
           8       0.00      0.00      0.00       192
           9       0.17      0.63      0.27       194

    accuracy                           0.23      2000
   macro avg       0.11      0.22      0.14      2000
weighted avg       0.11      0.23      0.15      2000
