

 Rotation 90 - ROW FILTER:
 GAUSSIANNB:               precision    recall  f1-score   support

           0       0.21      0.63      0.31       175
           1       0.00      0.00      0.00       234
           2       0.10      0.08      0.09       219
           3       0.01      0.00      0.01       207
           4       0.04      0.04      0.04       217
           5       0.06      0.01      0.01       179
           6       0.01      0.03      0.02       178
           7       0.00      0.00      0.00       205
           8       0.03      0.04      0.03       192
           9       0.01      0.01      0.01       194

    accuracy                           0.08      2000
   macro avg       0.05      0.08      0.05      2000
weighted avg       0.04      0.08      0.05      2000


 Rotation 90 - ROW FILTER:
 BERNOULLINB:               precision    recall  f1-score   support

           0       0.33      0.54      0.41       175
           1       0.00      0.00      0.00       234
           2       0.10      0.07      0.08       219
           3       0.00      0.00      0.00       207
           4       0.08      0.43      0.13       217
           5       0.05      0.02      0.03       179
           6       0.05      0.02      0.03       178
           7       0.12      0.06      0.08       205
           8       0.06      0.01      0.02       192
           9       0.45      0.03      0.05       194

    accuracy                           0.12      2000
   macro avg       0.12      0.12      0.08      2000
weighted avg       0.12      0.12      0.08      2000


 Rotation 90 - ROW FILTER:
 GAUSSIANNB:               precision    recall  f1-score   support

           0       0.21      0.63      0.31       175
           1       0.00      0.00      0.00       234
           2       0.10      0.08      0.09       219
           3       0.01      0.00      0.01       207
           4       0.04      0.04      0.04       217
           5       0.06      0.01      0.01       179
           6       0.01      0.03      0.02       178
           7       0.00      0.00      0.00       205
           8       0.03      0.04      0.03       192
           9       0.01      0.01      0.01       194

    accuracy                           0.08      2000
   macro avg       0.05      0.08      0.05      2000
weighted avg       0.04      0.08      0.05      2000


 Rotation 90 - ROW FILTER:
 BERNOULLINB:               precision    recall  f1-score   support

           0       0.33      0.54      0.41       175
           1       0.00      0.00      0.00       234
           2       0.10      0.07      0.08       219
           3       0.00      0.00      0.00       207
           4       0.08      0.43      0.13       217
           5       0.05      0.02      0.03       179
           6       0.05      0.02      0.03       178
           7       0.12      0.06      0.08       205
           8       0.06      0.01      0.02       192
           9       0.45      0.03      0.05       194

    accuracy                           0.12      2000
   macro avg       0.12      0.12      0.08      2000
weighted avg       0.12      0.12      0.08      2000
