

 Rotation 180 - COL FILTER:
 GAUSSIANNB:               precision    recall  f1-score   support

           0       0.29      0.49      0.37       175
           1       0.72      0.94      0.81       234
           2       0.08      0.00      0.01       219
           3       0.05      0.07      0.06       207
           4       1.00      0.01      0.02       217
           5       0.00      0.00      0.00       179
           6       0.00      0.00      0.00       178
           7       0.03      0.00      0.01       205
           8       0.28      0.37      0.32       192
           9       0.12      0.46      0.19       194

    accuracy                           0.24      2000
   macro avg       0.26      0.24      0.18      2000
weighted avg       0.27      0.24      0.19      2000


 Rotation 180 - COL FILTER:
 BERNOULLINB:               precision    recall  f1-score   support

           0       0.14      0.21      0.17       175
           1       0.65      0.91      0.76       234
           2       0.00      0.00      0.00       219
           3       0.03      0.07      0.04       207
           4       0.00      0.00      0.00       217
           5       0.00      0.00      0.00       179
           6       0.00      0.00      0.00       178
           7       0.07      0.05      0.06       205
           8       0.00      0.00      0.00       192
           9       0.18      0.55      0.28       194

    accuracy                           0.19      2000
   macro avg       0.11      0.18      0.13      2000
weighted avg       0.12      0.19      0.14      2000
