

 Rotation 180 - ZOOM IN:
 GAUSSIANNB:               precision    recall  f1-score   support

           0       0.74      0.88      0.81       175
           1       0.74      0.68      0.71       234
           2       0.22      0.20      0.21       219
           3       0.00      0.00      0.00       207
           4       0.41      0.35      0.38       217
           5       0.42      0.41      0.41       179
           6       0.00      0.00      0.00       178
           7       0.00      0.00      0.00       205
           8       0.32      0.51      0.40       192
           9       0.01      0.01      0.01       194

    accuracy                           0.30      2000
   macro avg       0.29      0.30      0.29      2000
weighted avg       0.29      0.30      0.29      2000


 Rotation 180 - ZOOM IN:
 BERNOULLINB:               precision    recall  f1-score   support

           0       0.80      0.89      0.84       175
           1       0.54      0.44      0.49       234
           2       0.19      0.10      0.13       219
           3       0.00      0.00      0.00       207
           4       0.57      0.46      0.51       217
           5       0.29      0.35      0.32       179
           6       0.00      0.00      0.00       178
           7       0.00      0.00      0.00       205
           8       0.28      0.43      0.34       192
           9       0.00      0.01      0.00       194

    accuracy                           0.26      2000
   macro avg       0.27      0.27      0.26      2000
weighted avg       0.27      0.26      0.26      2000
