

 Rotation 90:
 GAUSSIANNB:               precision    recall  f1-score   support

           0       0.22      0.55      0.31       175
           1       0.00      0.00      0.00       234
           2       0.10      0.09      0.09       219
           3       0.00      0.00      0.00       207
           4       0.06      0.06      0.06       217
           5       0.03      0.01      0.01       179
           6       0.01      0.02      0.01       178
           7       0.00      0.00      0.00       205
           8       0.06      0.08      0.07       192
           9       0.00      0.00      0.00       194

    accuracy                           0.08      2000
   macro avg       0.05      0.08      0.06      2000
weighted avg       0.04      0.08      0.05      2000


 Rotation 90:
 BERNOULLINB:               precision    recall  f1-score   support

           0       0.33      0.54      0.41       175
           1       0.00      0.00      0.00       234
           2       0.10      0.07      0.08       219
           3       0.00      0.00      0.00       207
           4       0.08      0.43      0.13       217
           5       0.05      0.02      0.03       179
           6       0.05      0.02      0.03       178
           7       0.12      0.06      0.08       205
           8       0.06      0.01      0.02       192
           9       0.45      0.03      0.05       194

    accuracy                           0.12      2000
   macro avg       0.12      0.12      0.08      2000
weighted avg       0.12      0.12      0.08      2000


 Rotation 90:
 GAUSSIANNB:               precision    recall  f1-score   support

           0       0.22      0.55      0.31       175
           1       0.00      0.00      0.00       234
           2       0.10      0.09      0.09       219
           3       0.00      0.00      0.00       207
           4       0.06      0.06      0.06       217
           5       0.03      0.01      0.01       179
           6       0.01      0.02      0.01       178
           7       0.00      0.00      0.00       205
           8       0.06      0.08      0.07       192
           9       0.00      0.00      0.00       194

    accuracy                           0.08      2000
   macro avg       0.05      0.08      0.06      2000
weighted avg       0.04      0.08      0.05      2000


 Rotation 90:
 BERNOULLINB:               precision    recall  f1-score   support

           0       0.33      0.54      0.41       175
           1       0.00      0.00      0.00       234
           2       0.10      0.07      0.08       219
           3       0.00      0.00      0.00       207
           4       0.08      0.43      0.13       217
           5       0.05      0.02      0.03       179
           6       0.05      0.02      0.03       178
           7       0.12      0.06      0.08       205
           8       0.06      0.01      0.02       192
           9       0.45      0.03      0.05       194

    accuracy                           0.12      2000
   macro avg       0.12      0.12      0.08      2000
weighted avg       0.12      0.12      0.08      2000


 Rotation 90:
 GAUSSIANNB:               precision    recall  f1-score   support

           0       0.22      0.55      0.31       175
           1       0.00      0.00      0.00       234
           2       0.10      0.09      0.09       219
           3       0.00      0.00      0.00       207
           4       0.06      0.06      0.06       217
           5       0.03      0.01      0.01       179
           6       0.01      0.02      0.01       178
           7       0.00      0.00      0.00       205
           8       0.06      0.08      0.07       192
           9       0.00      0.00      0.00       194

    accuracy                           0.08      2000
   macro avg       0.05      0.08      0.06      2000
weighted avg       0.04      0.08      0.05      2000


 Rotation 90:
 BERNOULLINB:               precision    recall  f1-score   support

           0       0.33      0.54      0.41       175
           1       0.00      0.00      0.00       234
           2       0.10      0.07      0.08       219
           3       0.00      0.00      0.00       207
           4       0.08      0.43      0.13       217
           5       0.05      0.02      0.03       179
           6       0.05      0.02      0.03       178
           7       0.12      0.06      0.08       205
           8       0.06      0.01      0.02       192
           9       0.45      0.03      0.05       194

    accuracy                           0.12      2000
   macro avg       0.12      0.12      0.08      2000
weighted avg       0.12      0.12      0.08      2000


 Rotation 90:
 GAUSSIANNB:               precision    recall  f1-score   support

           0       0.22      0.55      0.31       175
           1       0.00      0.00      0.00       234
           2       0.10      0.09      0.09       219
           3       0.00      0.00      0.00       207
           4       0.06      0.06      0.06       217
           5       0.03      0.01      0.01       179
           6       0.01      0.02      0.01       178
           7       0.00      0.00      0.00       205
           8       0.06      0.08      0.07       192
           9       0.00      0.00      0.00       194

    accuracy                           0.08      2000
   macro avg       0.05      0.08      0.06      2000
weighted avg       0.04      0.08      0.05      2000


 Rotation 90:
 BERNOULLINB:               precision    recall  f1-score   support

           0       0.33      0.54      0.41       175
           1       0.00      0.00      0.00       234
           2       0.10      0.07      0.08       219
           3       0.00      0.00      0.00       207
           4       0.08      0.43      0.13       217
           5       0.05      0.02      0.03       179
           6       0.05      0.02      0.03       178
           7       0.12      0.06      0.08       205
           8       0.06      0.01      0.02       192
           9       0.45      0.03      0.05       194

    accuracy                           0.12      2000
   macro avg       0.12      0.12      0.08      2000
weighted avg       0.12      0.12      0.08      2000


 Rotation 90:
 GAUSSIANNB:               precision    recall  f1-score   support

           0       0.22      0.55      0.31       175
           1       0.00      0.00      0.00       234
           2       0.10      0.09      0.09       219
           3       0.00      0.00      0.00       207
           4       0.06      0.06      0.06       217
           5       0.03      0.01      0.01       179
           6       0.01      0.02      0.01       178
           7       0.00      0.00      0.00       205
           8       0.06      0.08      0.07       192
           9       0.00      0.00      0.00       194

    accuracy                           0.08      2000
   macro avg       0.05      0.08      0.06      2000
weighted avg       0.04      0.08      0.05      2000


 Rotation 90:
 BERNOULLINB:               precision    recall  f1-score   support

           0       0.33      0.54      0.41       175
           1       0.00      0.00      0.00       234
           2       0.10      0.07      0.08       219
           3       0.00      0.00      0.00       207
           4       0.08      0.43      0.13       217
           5       0.05      0.02      0.03       179
           6       0.05      0.02      0.03       178
           7       0.12      0.06      0.08       205
           8       0.06      0.01      0.02       192
           9       0.45      0.03      0.05       194

    accuracy                           0.12      2000
   macro avg       0.12      0.12      0.08      2000
weighted avg       0.12      0.12      0.08      2000


 Rotation 90:
 GAUSSIANNB:               precision    recall  f1-score   support

           0       0.22      0.55      0.31       175
           1       0.00      0.00      0.00       234
           2       0.10      0.09      0.09       219
           3       0.00      0.00      0.00       207
           4       0.06      0.06      0.06       217
           5       0.03      0.01      0.01       179
           6       0.01      0.02      0.01       178
           7       0.00      0.00      0.00       205
           8       0.06      0.08      0.07       192
           9       0.00      0.00      0.00       194

    accuracy                           0.08      2000
   macro avg       0.05      0.08      0.06      2000
weighted avg       0.04      0.08      0.05      2000


 Rotation 90:
 BERNOULLINB:               precision    recall  f1-score   support

           0       0.33      0.54      0.41       175
           1       0.00      0.00      0.00       234
           2       0.10      0.07      0.08       219
           3       0.00      0.00      0.00       207
           4       0.08      0.43      0.13       217
           5       0.05      0.02      0.03       179
           6       0.05      0.02      0.03       178
           7       0.12      0.06      0.08       205
           8       0.06      0.01      0.02       192
           9       0.45      0.03      0.05       194

    accuracy                           0.12      2000
   macro avg       0.12      0.12      0.08      2000
weighted avg       0.12      0.12      0.08      2000


 Rotation 90:
 GAUSSIANNB:               precision    recall  f1-score   support

           0       0.41      0.45      0.43       175
           1       0.20      0.32      0.25       234
           2       0.10      0.02      0.04       219
           3       0.00      0.00      0.00       207
           4       0.03      0.14      0.06       217
           5       0.00      0.00      0.00       179
           6       0.22      0.12      0.16       178
           7       0.18      0.27      0.22       205
           8       0.09      0.01      0.01       192
           9       0.19      0.07      0.10       194

    accuracy                           0.14      2000
   macro avg       0.14      0.14      0.13      2000
weighted avg       0.14      0.14      0.12      2000
