

 Rotation 90 - ZOOM IN:
 GAUSSIANNB:               precision    recall  f1-score   support

           0       0.42      0.60      0.49       175
           1       0.36      0.09      0.14       234
           2       0.10      0.07      0.09       219
           3       0.02      0.00      0.01       207
           4       0.03      0.16      0.05       217
           5       0.04      0.02      0.03       179
           6       0.00      0.00      0.00       178
           7       0.16      0.02      0.04       205
           8       0.08      0.06      0.07       192
           9       0.01      0.01      0.01       194

    accuracy                           0.10      2000
   macro avg       0.12      0.10      0.09      2000
weighted avg       0.12      0.10      0.09      2000


 Rotation 90 - ZOOM IN:
 BERNOULLINB:               precision    recall  f1-score   support

           0       0.47      0.70      0.56       175
           1       0.27      0.21      0.24       234
           2       0.07      0.05      0.06       219
           3       0.00      0.00      0.00       207
           4       0.05      0.20      0.08       217
           5       0.03      0.02      0.02       179
           6       0.06      0.03      0.04       178
           7       0.49      0.19      0.27       205
           8       0.14      0.12      0.13       192
           9       0.01      0.01      0.01       194

    accuracy                           0.15      2000
   macro avg       0.16      0.15      0.14      2000
weighted avg       0.16      0.15      0.14      2000
