

 Rotation 90 - NAIVE:
 GAUSSIANNB:               precision    recall  f1-score   support

           0       0.22      0.34      0.26       175
           1       0.52      0.96      0.68       234
           2       0.00      0.00      0.00       219
           3       0.15      0.09      0.11       207
           4       0.10      0.08      0.09       217
           5       0.00      0.00      0.00       179
           6       0.09      0.08      0.09       178
           7       0.13      0.42      0.20       205
           8       0.15      0.11      0.13       192
           9       0.18      0.02      0.03       194

    accuracy                           0.22      2000
   macro avg       0.15      0.21      0.16      2000
weighted avg       0.16      0.22      0.17      2000


 Rotation 90 - NAIVE:
 BERNOULLINB:               precision    recall  f1-score   support

           0       0.00      0.00      0.00       175
           1       0.12      1.00      0.21       234
           2       0.00      0.00      0.00       219
           3       0.00      0.00      0.00       207
           4       0.00      0.00      0.00       217
           5       0.00      0.00      0.00       179
           6       0.00      0.00      0.00       178
           7       0.00      0.00      0.00       205
           8       0.00      0.00      0.00       192
           9       0.00      0.00      0.00       194

    accuracy                           0.12      2000
   macro avg       0.01      0.10      0.02      2000
weighted avg       0.01      0.12      0.02      2000
