

 Rotation 180 - KREISFILTER:
 GAUSSIANNB:               precision    recall  f1-score   support

           0       0.32      0.15      0.20       175
           1       0.42      0.98      0.58       234
           2       0.14      0.12      0.13       219
           3       0.00      0.00      0.00       207
           4       0.04      0.02      0.02       217
           5       0.00      0.00      0.00       179
           6       0.00      0.00      0.00       178
           7       0.09      0.44      0.14       205
           8       0.00      0.00      0.00       192
           9       0.00      0.00      0.00       194

    accuracy                           0.19      2000
   macro avg       0.10      0.17      0.11      2000
weighted avg       0.10      0.19      0.12      2000


 Rotation 180 - KREISFILTER:
 BERNOULLINB:               precision    recall  f1-score   support

           0       0.29      0.59      0.39       175
           1       0.71      0.97      0.82       234
           2       0.21      0.20      0.20       219
           3       0.00      0.00      0.00       207
           4       0.16      0.24      0.19       217
           5       0.00      0.00      0.00       179
           6       0.09      0.01      0.01       178
           7       0.22      0.45      0.29       205
           8       0.16      0.23      0.19       192
           9       0.19      0.08      0.12       194

    accuracy                           0.29      2000
   macro avg       0.20      0.28      0.22      2000
weighted avg       0.21      0.29      0.23      2000
