

 Rotation 90 - EUKLID + DISTANZ:
 GAUSSIANNB:               precision    recall  f1-score   support

           0       0.33      0.40      0.36       175
           1       0.51      0.98      0.67       234
           2       0.19      0.27      0.23       219
           3       0.16      0.02      0.03       207
           4       0.12      0.24      0.16       217
           5       0.20      0.04      0.07       179
           6       0.00      0.00      0.00       178
           7       0.18      0.40      0.25       205
           8       0.53      0.12      0.20       192
           9       1.00      0.04      0.07       194

    accuracy                           0.27      2000
   macro avg       0.32      0.25      0.20      2000
weighted avg       0.32      0.27      0.21      2000


 Rotation 90 - EUKLID + DISTANZ:
 BERNOULLINB:               precision    recall  f1-score   support

           0       0.22      0.34      0.26       175
           1       0.56      0.95      0.70       234
           2       0.00      0.00      0.00       219
           3       0.00      0.00      0.00       207
           4       0.10      0.15      0.12       217
           5       0.00      0.00      0.00       179
           6       0.09      0.10      0.09       178
           7       0.16      0.42      0.23       205
           8       0.16      0.24      0.19       192
           9       0.00      0.00      0.00       194

    accuracy                           0.23      2000
   macro avg       0.13      0.22      0.16      2000
weighted avg       0.14      0.23      0.17      2000
