

 Rotation 180 - ROW FILTER:
 GAUSSIANNB:               precision    recall  f1-score   support

           0       0.44      0.53      0.48       175
           1       0.75      0.89      0.82       234
           2       0.03      0.01      0.02       219
           3       0.09      0.09      0.09       207
           4       0.03      0.00      0.01       217
           5       0.00      0.00      0.00       179
           6       0.00      0.01      0.00       178
           7       0.00      0.00      0.00       205
           8       0.17      0.18      0.17       192
           9       0.00      0.00      0.00       194

    accuracy                           0.18      2000
   macro avg       0.15      0.17      0.16      2000
weighted avg       0.16      0.18      0.17      2000


 Rotation 180 - ROW FILTER:
 BERNOULLINB:               precision    recall  f1-score   support

           0       0.58      0.49      0.53       175
           1       0.88      0.94      0.91       234
           2       0.02      0.02      0.02       219
           3       0.05      0.04      0.05       207
           4       0.53      0.24      0.33       217
           5       0.11      0.10      0.10       179
           6       0.00      0.00      0.00       178
           7       0.00      0.00      0.00       205
           8       0.20      0.15      0.17       192
           9       0.00      0.00      0.00       194

    accuracy                           0.21      2000
   macro avg       0.24      0.20      0.21      2000
weighted avg       0.25      0.21      0.22      2000
