

 Shift 6 Pixel KREISFILTER:
 GAUSSIANNB:               precision    recall  f1-score   support

           0       0.06      0.10      0.08       175
           1       0.00      0.00      0.00       234
           2       0.07      0.24      0.11       219
           3       0.00      0.00      0.00       207
           4       0.11      0.15      0.13       217
           5       0.17      0.43      0.24       179
           6       0.53      0.21      0.30       178
           7       0.37      0.03      0.06       205
           8       0.12      0.07      0.09       192
           9       0.00      0.00      0.00       194

    accuracy                           0.12      2000
   macro avg       0.14      0.12      0.10      2000
weighted avg       0.14      0.12      0.10      2000


 Shift 6 Pixel KREISFILTER:
 BERNOULLINB:               precision    recall  f1-score   support

           0       0.00      0.00      0.00       175
           1       0.00      0.00      0.00       234
           2       0.28      0.63      0.38       219
           3       0.67      0.06      0.11       207
           4       0.20      0.65      0.30       217
           5       0.16      0.43      0.24       179
           6       0.59      0.11      0.18       178
           7       0.46      0.53      0.49       205
           8       0.11      0.01      0.02       192
           9       0.00      0.00      0.00       194

    accuracy                           0.25      2000
   macro avg       0.25      0.24      0.17      2000
weighted avg       0.25      0.25      0.18      2000
