

 Shift 3 Pixel KREISFILTER:
 GAUSSIANNB:               precision    recall  f1-score   support

           0       0.51      0.63      0.57       175
           1       1.00      0.27      0.42       234
           2       0.31      0.38      0.34       219
           3       0.80      0.02      0.04       207
           4       0.57      0.37      0.45       217
           5       0.40      0.56      0.47       179
           6       0.60      0.68      0.64       178
           7       0.58      0.50      0.54       205
           8       0.37      0.60      0.46       192
           9       0.31      0.58      0.40       194

    accuracy                           0.45      2000
   macro avg       0.55      0.46      0.43      2000
weighted avg       0.55      0.45      0.43      2000


 Shift 3 Pixel KREISFILTER:
 BERNOULLINB:               precision    recall  f1-score   support

           0       0.73      0.31      0.44       175
           1       0.91      0.61      0.73       234
           2       0.57      0.70      0.63       219
           3       0.55      0.52      0.53       207
           4       0.54      0.77      0.64       217
           5       0.35      0.46      0.40       179
           6       0.79      0.66      0.72       178
           7       0.51      0.75      0.61       205
           8       0.47      0.43      0.45       192
           9       0.64      0.42      0.51       194

    accuracy                           0.57      2000
   macro avg       0.61      0.56      0.56      2000
weighted avg       0.61      0.57      0.57      2000
