

 Shift 6 Pixel ROW+COL FILTER:
 GAUSSIANNB:               precision    recall  f1-score   support

           0       0.00      0.00      0.00       175
           1       1.00      0.04      0.07       234
           2       0.30      0.03      0.06       219
           3       0.00      0.00      0.00       207
           4       0.06      0.07      0.06       217
           5       0.12      0.99      0.22       179
           6       0.41      0.11      0.17       178
           7       0.82      0.04      0.08       205
           8       0.07      0.03      0.04       192
           9       0.30      0.02      0.03       194

    accuracy                           0.12      2000
   macro avg       0.31      0.13      0.07      2000
weighted avg       0.32      0.12      0.07      2000


 Shift 6 Pixel ROW+COL FILTER:
 BERNOULLINB:               precision    recall  f1-score   support

           0       0.00      0.00      0.00       175
           1       0.26      0.97      0.41       234
           2       0.00      0.00      0.00       219
           3       0.00      0.00      0.00       207
           4       0.00      0.00      0.00       217
           5       0.13      0.27      0.17       179
           6       0.56      0.89      0.68       178
           7       0.84      0.10      0.18       205
           8       0.08      0.16      0.11       192
           9       0.54      0.16      0.25       194

    accuracy                           0.26      2000
   macro avg       0.24      0.26      0.18      2000
weighted avg       0.24      0.26      0.18      2000
