

 Shift 3 Pixel COL FILTER:
 GAUSSIANNB:               precision    recall  f1-score   support

           0       0.10      0.19      0.13       175
           1       0.96      0.61      0.75       234
           2       0.17      0.00      0.01       219
           3       0.29      0.13      0.17       207
           4       0.00      0.00      0.00       217
           5       0.19      0.52      0.27       179
           6       0.16      0.22      0.18       178
           7       0.00      0.00      0.00       205
           8       0.31      0.30      0.31       192
           9       0.19      0.48      0.28       194

    accuracy                           0.24      2000
   macro avg       0.24      0.25      0.21      2000
weighted avg       0.25      0.24      0.21      2000


 Shift 3 Pixel COL FILTER:
 BERNOULLINB:               precision    recall  f1-score   support

           0       0.00      0.00      0.00       175
           1       0.43      0.94      0.59       234
           2       0.00      0.00      0.00       219
           3       0.00      0.00      0.00       207
           4       0.00      0.00      0.00       217
           5       0.16      0.54      0.24       179
           6       0.10      0.45      0.16       178
           7       0.00      0.00      0.00       205
           8       0.10      0.02      0.03       192
           9       0.00      0.00      0.00       194

    accuracy                           0.20      2000
   macro avg       0.08      0.20      0.10      2000
weighted avg       0.08      0.20      0.11      2000
