

 Shift 3 Pixel ZOOM IN:
 GAUSSIANNB:               precision    recall  f1-score   support

           0       0.89      0.94      0.92       175
           1       0.85      0.74      0.79       234
           2       0.76      0.76      0.76       219
           3       0.88      0.87      0.88       207
           4       0.81      0.86      0.83       217
           5       0.78      0.78      0.78       179
           6       0.85      0.79      0.82       178
           7       0.79      0.79      0.79       205
           8       0.67      0.59      0.63       192
           9       0.68      0.84      0.75       194

    accuracy                           0.79      2000
   macro avg       0.80      0.80      0.79      2000
weighted avg       0.80      0.79      0.79      2000


 Shift 3 Pixel ZOOM IN:
 BERNOULLINB:               precision    recall  f1-score   support

           0       0.87      0.97      0.92       175
           1       0.69      0.43      0.53       234
           2       0.91      0.74      0.81       219
           3       0.75      0.90      0.82       207
           4       0.79      0.86      0.82       217
           5       0.80      0.65      0.72       179
           6       0.88      0.82      0.85       178
           7       0.80      0.73      0.76       205
           8       0.48      0.65      0.55       192
           9       0.69      0.84      0.76       194

    accuracy                           0.75      2000
   macro avg       0.77      0.76      0.76      2000
weighted avg       0.76      0.75      0.75      2000
