

 Shift 6 Pixel:
 GAUSSIANNB:               precision    recall  f1-score   support

           0       0.02      0.02      0.02       175
           1       0.00      0.00      0.00       234
           2       0.16      0.46      0.24       219
           3       0.00      0.00      0.00       207
           4       0.17      0.21      0.19       217
           5       0.28      0.50      0.36       179
           6       0.37      0.19      0.25       178
           7       1.00      0.04      0.08       205
           8       0.13      0.29      0.18       192
           9       0.35      0.19      0.25       194

    accuracy                           0.19      2000
   macro avg       0.25      0.19      0.16      2000
weighted avg       0.25      0.19      0.15      2000


 Shift 6 Pixel:
 BERNOULLINB:               precision    recall  f1-score   support

           0       0.00      0.00      0.00       175
           1       0.00      0.00      0.00       234
           2       0.12      0.32      0.18       219
           3       0.00      0.00      0.00       207
           4       0.18      0.30      0.23       217
           5       0.11      0.59      0.19       179
           6       0.40      0.11      0.17       178
           7       0.43      0.01      0.03       205
           8       0.06      0.01      0.01       192
           9       0.00      0.00      0.00       194

    accuracy                           0.13      2000
   macro avg       0.13      0.13      0.08      2000
weighted avg       0.13      0.13      0.08      2000
