

 Shift 6 Pixel ROW FILTER:
 GAUSSIANNB:               precision    recall  f1-score   support

           0       0.49      0.26      0.34       175
           1       0.75      0.97      0.85       234
           2       0.84      0.42      0.56       219
           3       0.00      0.00      0.00       207
           4       0.94      0.57      0.71       217
           5       0.27      0.79      0.40       179
           6       0.70      0.88      0.78       178
           7       0.76      0.79      0.77       205
           8       0.68      0.42      0.52       192
           9       0.58      0.82      0.68       194

    accuracy                           0.59      2000
   macro avg       0.60      0.59      0.56      2000
weighted avg       0.61      0.59      0.57      2000


 Shift 6 Pixel ROW FILTER:
 BERNOULLINB:               precision    recall  f1-score   support

           0       0.00      0.00      0.00       175
           1       0.24      0.56      0.33       234
           2       0.49      0.10      0.16       219
           3       0.00      0.00      0.00       207
           4       0.33      0.01      0.02       217
           5       0.23      0.06      0.10       179
           6       0.57      0.88      0.69       178
           7       0.63      0.58      0.60       205
           8       0.17      0.53      0.26       192
           9       0.36      0.55      0.43       194

    accuracy                           0.32      2000
   macro avg       0.30      0.33      0.26      2000
weighted avg       0.30      0.32      0.26      2000
