

 Shift 3 Pixel ROW+COL FILTER:
 GAUSSIANNB:               precision    recall  f1-score   support

           0       0.26      0.20      0.22       175
           1       0.89      0.91      0.90       234
           2       0.68      0.19      0.30       219
           3       0.59      0.27      0.37       207
           4       0.80      0.19      0.31       217
           5       0.21      0.72      0.33       179
           6       0.63      0.63      0.63       178
           7       0.91      0.20      0.33       205
           8       0.43      0.53      0.47       192
           9       0.41      0.73      0.52       194

    accuracy                           0.46      2000
   macro avg       0.58      0.46      0.44      2000
weighted avg       0.60      0.46      0.44      2000


 Shift 3 Pixel ROW+COL FILTER:
 BERNOULLINB:               precision    recall  f1-score   support

           0       0.00      0.00      0.00       175
           1       0.50      0.95      0.65       234
           2       0.69      0.04      0.08       219
           3       0.00      0.00      0.00       207
           4       0.25      0.00      0.01       217
           5       0.17      0.39      0.24       179
           6       0.59      0.80      0.68       178
           7       0.78      0.28      0.42       205
           8       0.18      0.55      0.27       192
           9       0.48      0.57      0.52       194

    accuracy                           0.36      2000
   macro avg       0.36      0.36      0.29      2000
weighted avg       0.37      0.36      0.29      2000
