

 Shift 6 Pixel ZOOM IN:
 GAUSSIANNB:               precision    recall  f1-score   support

           0       0.88      0.87      0.88       175
           1       0.88      0.75      0.81       234
           2       0.75      0.84      0.79       219
           3       0.87      0.87      0.87       207
           4       0.74      0.85      0.79       217
           5       0.84      0.70      0.76       179
           6       0.82      0.76      0.79       178
           7       0.81      0.79      0.80       205
           8       0.67      0.55      0.61       192
           9       0.62      0.84      0.71       194

    accuracy                           0.78      2000
   macro avg       0.79      0.78      0.78      2000
weighted avg       0.79      0.78      0.78      2000


 Shift 6 Pixel ZOOM IN:
 BERNOULLINB:               precision    recall  f1-score   support

           0       0.85      0.94      0.90       175
           1       0.66      0.44      0.53       234
           2       0.91      0.70      0.79       219
           3       0.74      0.91      0.82       207
           4       0.79      0.85      0.82       217
           5       0.84      0.58      0.69       179
           6       0.88      0.83      0.86       178
           7       0.79      0.75      0.77       205
           8       0.45      0.60      0.52       192
           9       0.65      0.85      0.74       194

    accuracy                           0.74      2000
   macro avg       0.76      0.75      0.74      2000
weighted avg       0.75      0.74      0.74      2000
