

 Shift 3 Pixel:
 GAUSSIANNB:               precision    recall  f1-score   support

           0       0.32      0.33      0.32       175
           1       0.98      0.49      0.65       234
           2       0.40      0.54      0.46       219
           3       1.00      0.01      0.02       207
           4       0.30      0.08      0.12       217
           5       0.47      0.44      0.45       179
           6       0.60      0.61      0.61       178
           7       0.77      0.16      0.27       205
           8       0.23      0.67      0.34       192
           9       0.36      0.76      0.49       194

    accuracy                           0.40      2000
   macro avg       0.54      0.41      0.37      2000
weighted avg       0.55      0.40      0.37      2000


 Shift 3 Pixel:
 BERNOULLINB:               precision    recall  f1-score   support

           0       0.58      0.24      0.34       175
           1       0.86      0.03      0.05       234
           2       0.49      0.71      0.58       219
           3       0.51      0.51      0.51       207
           4       0.36      0.64      0.46       217
           5       0.33      0.77      0.46       179
           6       0.77      0.63      0.69       178
           7       0.74      0.67      0.70       205
           8       0.52      0.33      0.40       192
           9       0.63      0.48      0.55       194

    accuracy                           0.50      2000
   macro avg       0.58      0.50      0.48      2000
weighted avg       0.58      0.50      0.47      2000
