

 Shift 3 Pixel ROW FILTER:
 GAUSSIANNB:               precision    recall  f1-score   support

           0       0.56      0.42      0.48       175
           1       0.76      0.97      0.86       234
           2       0.86      0.46      0.60       219
           3       0.00      0.00      0.00       207
           4       0.93      0.56      0.70       217
           5       0.29      0.79      0.43       179
           6       0.71      0.88      0.79       178
           7       0.75      0.77      0.76       205
           8       0.63      0.43      0.51       192
           9       0.58      0.82      0.68       194

    accuracy                           0.61      2000
   macro avg       0.61      0.61      0.58      2000
weighted avg       0.62      0.61      0.58      2000


 Shift 3 Pixel ROW FILTER:
 BERNOULLINB:               precision    recall  f1-score   support

           0       0.00      0.00      0.00       175
           1       0.24      0.56      0.33       234
           2       0.45      0.09      0.15       219
           3       0.00      0.00      0.00       207
           4       0.00      0.00      0.00       217
           5       0.22      0.06      0.09       179
           6       0.57      0.88      0.69       178
           7       0.63      0.58      0.60       205
           8       0.17      0.53      0.26       192
           9       0.36      0.56      0.43       194

    accuracy                           0.32      2000
   macro avg       0.26      0.32      0.26      2000
weighted avg       0.26      0.32      0.25      2000


 Shift 3 Pixel ROW FILTER:
 GAUSSIANNB:               precision    recall  f1-score   support

           0       0.56      0.42      0.48       175
           1       0.76      0.97      0.86       234
           2       0.87      0.47      0.61       219
           3       0.00      0.00      0.00       207
           4       0.93      0.56      0.70       217
           5       0.29      0.78      0.42       179
           6       0.71      0.88      0.79       178
           7       0.75      0.77      0.76       205
           8       0.63      0.43      0.51       192
           9       0.58      0.82      0.68       194

    accuracy                           0.61      2000
   macro avg       0.61      0.61      0.58      2000
weighted avg       0.62      0.61      0.58      2000


 Shift 3 Pixel ROW FILTER:
 BERNOULLINB:               precision    recall  f1-score   support

           0       0.00      0.00      0.00       175
           1       0.24      0.56      0.33       234
           2       0.45      0.09      0.15       219
           3       0.00      0.00      0.00       207
           4       0.00      0.00      0.00       217
           5       0.22      0.06      0.09       179
           6       0.57      0.88      0.69       178
           7       0.63      0.58      0.60       205
           8       0.17      0.53      0.26       192
           9       0.36      0.56      0.43       194

    accuracy                           0.32      2000
   macro avg       0.26      0.32      0.26      2000
weighted avg       0.26      0.32      0.25      2000
