

 Shift 3 Pixel EUKLID:
 GAUSSIANNB:               precision    recall  f1-score   support

           0       0.19      0.02      0.03       175
           1       0.43      0.97      0.59       234
           2       0.35      0.05      0.09       219
           3       0.53      0.04      0.07       207
           4       0.00      0.00      0.00       217
           5       0.11      0.35      0.16       179
           6       0.00      0.00      0.00       178
           7       0.12      0.48      0.20       205
           8       0.00      0.00      0.00       192
           9       0.00      0.00      0.00       194

    accuracy                           0.21      2000
   macro avg       0.17      0.19      0.12      2000
weighted avg       0.18      0.21      0.12      2000


 Shift 3 Pixel EUKLID:
 BERNOULLINB:               precision    recall  f1-score   support

           0       0.22      0.28      0.24       175
           1       0.55      0.95      0.70       234
           2       0.00      0.00      0.00       219
           3       0.00      0.00      0.00       207
           4       0.11      0.17      0.14       217
           5       0.00      0.00      0.00       179
           6       0.12      0.12      0.12       178
           7       0.16      0.42      0.23       205
           8       0.16      0.26      0.20       192
           9       0.00      0.00      0.00       194

    accuracy                           0.23      2000
   macro avg       0.13      0.22      0.16      2000
weighted avg       0.14      0.23      0.17      2000
