

 Shift VERTIAL 6 - NAIVE:
 GAUSSIANNB:               precision    recall  f1-score   support

           0       0.25      0.25      0.25       175
           1       0.44      0.99      0.61       234
           2       0.00      0.00      0.00       219
           3       0.13      0.06      0.08       207
           4       0.09      0.07      0.08       217
           5       0.00      0.00      0.00       179
           6       0.13      0.13      0.13       178
           7       0.11      0.41      0.18       205
           8       0.23      0.11      0.15       192
           9       0.14      0.02      0.03       194

    accuracy                           0.22      2000
   macro avg       0.15      0.20      0.15      2000
weighted avg       0.16      0.22      0.16      2000


 Shift VERTIAL 6 - NAIVE:
 BERNOULLINB:               precision    recall  f1-score   support

           0       0.00      0.00      0.00       175
           1       0.12      1.00      0.21       234
           2       0.00      0.00      0.00       219
           3       0.00      0.00      0.00       207
           4       0.00      0.00      0.00       217
           5       0.00      0.00      0.00       179
           6       0.00      0.00      0.00       178
           7       0.00      0.00      0.00       205
           8       0.00      0.00      0.00       192
           9       0.00      0.00      0.00       194

    accuracy                           0.12      2000
   macro avg       0.01      0.10      0.02      2000
weighted avg       0.01      0.12      0.02      2000
