

 Shift 6 Pixel COL FILTER:
 GAUSSIANNB:               precision    recall  f1-score   support

           0       0.00      0.00      0.00       175
           1       0.00      0.00      0.00       234
           2       0.10      0.00      0.01       219
           3       0.00      0.00      0.00       207
           4       0.00      0.00      0.00       217
           5       0.12      0.98      0.22       179
           6       0.06      0.03      0.04       178
           7       0.00      0.00      0.00       205
           8       0.09      0.01      0.01       192
           9       0.00      0.00      0.00       194

    accuracy                           0.09      2000
   macro avg       0.04      0.10      0.03      2000
weighted avg       0.04      0.09      0.03      2000


 Shift 6 Pixel COL FILTER:
 BERNOULLINB:               precision    recall  f1-score   support

           0       0.00      0.00      0.00       175
           1       0.20      0.99      0.33       234
           2       0.00      0.00      0.00       219
           3       0.00      0.00      0.00       207
           4       0.00      0.00      0.00       217
           5       0.01      0.02      0.02       179
           6       0.00      0.00      0.00       178
           7       0.00      0.00      0.00       205
           8       0.09      0.24      0.14       192
           9       0.00      0.00      0.00       194

    accuracy                           0.14      2000
   macro avg       0.03      0.12      0.05      2000
weighted avg       0.03      0.14      0.05      2000
